10400 120
10402 130
10405 140
10407 150
10406 121
10404 131
10403 141
10401 151
10410 122
10412 132
10415 142
10417 152
10416 123
10414 133
10413 143
10411 153
10500 124
10502 134
10505 144
10507 154
10506 125
10504 135
10503 145
10501 155
10521 126
10523 136
10524 146
10526 156
10517 127
10515 137
10512 147
10510 157
10710 128
10712 138
10715 148
10717 158
10707 129
10705 139
10702 149
10700 159
10920 80
10922 90
10925 100
10927 110
10926 81
10924 91
10923 101
10921 111
10930 82
10932 92
10935 102
10937 112
10936 83
10934 93
10933 103
10931 113
10900 84
10902 94
10905 104
10907 114
10906 85
10904 95
10903 105
10901 115
10910 86
10912 96
10915 106
10917 116
10916 87
10914 97
10913 107
10911 117
10940 88
10942 98
10945 108
10947 118
10946 89
10944 99
10943 109
10941 119
11106 40
11104 50
11103 60
11101 70
11131 41
11133 51
11134 61
11136 71
11107 42
11105 52
11102 62
11100 72
11130 43
11132 53
11135 63
11137 73
11146 44
11144 54
11143 64
11141 74
11111 45
11113 55
11114 65
11116 75
11117 46
11115 56
11112 66
11110 76
11121 47
11123 57
11124 67
11126 77
11147 48
11145 58
11142 68
11140 78
11120 49
11122 59
11125 69
11127 79
11207 0
11205 10
11202 20
11200 30
11201 1
11203 11
11204 21
11206 31
11217 2
11215 12
11212 22
11210 32
11211 3
11213 13
11214 23
11216 33
11307 4
11305 14
11302 24
11300 34
11220 5
11222 15
11225 25
11227 35
11226 6
11224 16
11223 26
11221 36
11230 7
11232 17
11235 27
11237 37
11236 8
11234 18
11233 28
11231 38
11240 9
11242 19
11245 29
11247 39