11130 1400
11132 1400
11146 1400
11144 1400
11143 1400
11111 1400
11113 1400
11114 1400
11117 1400
11115 1400
11112 1400
11121 1400
11123 1400
11124 1400
11147 1400
11145 1400
11120 1400
11300 1400
11225 1400
11227 1400
11223 1400
11221 1400
11235 1400
11237 1400
11231 1400
11247 1400
11107 1500 
11105 1500
11130 1500
11132 1500
11146 1500
11144 1500
11143 1500
11141 1500
11113 1500
11114 1500
11116 1500
11115 1500
11112 1500
11110 1500
11121 1500
11123 1500
11124 1500
11126 1500
11147 1500
11145 1500
11142 1500
11140 1500
11120 1500
11122 1500
11125 1500
11127 1500
11214 1500
11216 1500
11220 1500
11222 1500
11225 1500
11226 1500
11224 1500
11223 1500
11221 1500
11232 1500
11235 1500
11235 1500
11237 1500
11236 1500
11234 1500
11233 1500
11231 1500
11245 1500
11247 1500
11307 1500
11305 1500
11302 1500
11300 1500
11107 1600 
11105 1600
11102 1600
11100 1600
11130 1600
11132 1600
11135 1600
11137 1600
11146 1600
11144 1600
11143 1600
11141 1600
11114 1600
11116 1600
11112 1600
11110 1600
11123 1600
11124 1600
11126 1600
11147 1600
11145 1600
11142 1600
11120 1600
11122 1600
11125 1600
11127 1600
11212 1600
11210 1600
11213 1600
11214 1600
11216 1600
11220 1600
11222 1600
11226 1600
11224 1600
11223 1600
11230 1600
11232 1600
11235 1600
11236 1600
11234 1600
11233 1600
11231 1600
11240 1600
11242 1600
11245 1600
11247 1600
11307 1600
11305 1600
11302 1600
11300 1600
11133 1800
11134 1800
11136 1800
11107 1800
11105 1800
11102 1800
11100 1800
11130 1800
11132 1800
11135 1800
11137 1800
11143 1800
11141 1800
11116 1800
11110 1800
11124 1800
11126 1800
11142 1800
11140 1800
11122 1800
11125 1800
11127 1800
11207 1800
11205 1800
11202 1800
11200 1800
11201 1800
11203 1800
11204 1800
11206 1800
11217 1800
11215 1800
11212 1800
11210 1800
11213 1800
11214 1800
11216 1800
11220 1800
11222 1800
11226 1800
11224 1800
11230 1800
11232 1800
11236 1800
11234 1800
11240 1800
11242 1800
11245 1800
11247 1800
11307 1800
11305 1800
11302 1800
11300 1800
11106 2000
11104 2000
11103 2000
11101 2000
11134 2000
11136 2000
11102 2000
11100 2000
11137 2000
11143 2000
11141 2000
11114 2000
11116 2000
11115 2000
11112 2000
11110 2000
11121 2000
11123 2000
11124 2000
11126 2000
11147 2000
11145 2000
11142 2000
11140 2000
11120 2000
11122 2000
11125 2000
11127 2000
11236 2000
11234 2000
11231 2000
11240 2000
11242 2000
11245 2000
11247 2000
11106 2200
11104 2200
11103 2200
11101 2200
11136 2200
11100 2200
11137 2200
11143 2200
11116 2200
11112 2200
11110 2200
11124 2200
11126 2200
11147 2200
11145 2200
11142 2200
11140 2200
11120 2200
11122 2200
11125 2200
11127 2200
11106 12000 
11104 12000
11103 12000
11101 12000
11134 12000
11136 12000
11102 12000
11100 12000
11137 12000
11143 12000
11141 12000
11113 12000
11114 12000
11116 12000
11117 12000
11112 12000
11110 12000
11121 12000
11123 12000
11124 12000
11126 12000
11147 12000
11145 12000
11142 12000
11140 12000
11120 12000
11122 12000
11125 12000
11127 12000
11236 12000
11234 12000
11240 12000
11242 12000
11245 12000
11247 12000
