10400
10402
10405
10407
10406
10404
10403
10401
10410
10412
10415
10417
10416
10414
10413
10411
10500
10502
10505
10507
10506
10504
10503
10501
10521
10523
10524
10526
10517
10515
10512
10510
10710
10712
10715
10717
10707
10705
10702
10700
10920
10922
10925
10927
10926
10924
10923
10921
10930
10932
10935
10937
10936
10934
10933
10931
10900
10902
10905
10907
10906
10904
10903
10901
10910
10912
10915
10917
10916
10914
10913
10911
10940
10942
10945
10947
10946
10944
10943
10941
11106
11104
11103
11101
11131
11133
11134
11136
11107
11105
11102
11100
11130
11132
11135
11137
11146
11144
11143
11141
11111
11113
11114
11116
11117
11115
11112
11110
11121
11123
11124
11126
11147
11145
11142
11140
11120
11122
11125
11127
11207
11205
11202
11200
11201
11203
11204
11206
11217
11215
11212
11210
11211
11213
11214
11216
11307
11305
11302
11300
11220
11222
11225
11227
11226
11224
11223
11221
11230
11232
11235
11237
11236
11234
11233
11231
11240
11242
11245
11247
